010010	33.55465930800259
010014	48.144713526284825
010020	21.96693860025759
010030	27.6907016788635
010040	88.5
010050	83.0
010060	22.36074726218597
010070	24.823466780238544
010080	23.935247120029725
010090	19.874220597720953
010100	38.540527263795255
010110	18.15131151094732
010140	83.5
010150	38.50309757356743
010160	19.566386916290128
010170	28.255172413793108
010190	90.0
010200	28.243860404997832
010230	32.986000164703995
010231	47.05944097181275
010240	24.581563389533635
010250	36.54926523729227
010260	36.52249575551787
010270	37.73868046571795
010280	30.75344791003607
010300	92.5
010320	84.0
010330	36.57643862682135
010340	85.0
010350	42.29838187702265
010360	53.25
010370	36.064708386547494
010420	46.35667752442994
010430	41.40051775147922
010440	37.758179231863195
010450	37.923076923076906
010460	36.13605442176872
010470	29.465176268271698
010490	34.574794209480615
010510	79.5
010520	34.94897627559316
010550	36.515382983237856
010570	29.560683760683748
010580	26.32777296360484
010590	34.002420916720354
010620	26.033736473583694
010650	29.61357311068294
010680	35.604549431320855
010740	34.067835717581836
010760	30.469976660301295
010780	34.38438693254143
010820	31.020161290322598
010830	34.00662836942118
010840	31.927461139896383
010860	31.25607613469988
010875	46.32554601760296
010876	43.120657534246696
010877	45.99978609625663
010878	46.68941652470183
010879	46.15835371689885
010880	32.860007519739376
010882	34.89300883939852
010884	47.126658624849114
010886	47.39412742382273
010887	46.795672564485045
010890	30.52699564586353
010920	33.62683492145246
010980	34.5426473763766
010990	33.05633587786262
